320220525
20010000187687433457202201172021110100026313
20001578654387433458202210012021050700018211
20001041988687433459202208072021100100009392
20010000187687433460202208072021040700025684
20001041988687433461202210012021011700009414
20001578654387433462202205072021080700021980
20010000187687433463202210012021042700021769
20002000176787433464202211012021080700013092
20001041988687433465202208072021040700001898
20001578654387433466202202182021100100029639
20010000187687433467202208072021011700015953
20011001888787433468202211012021070400009237
20002000176787433469202210012021040700018711
20011001888787433470202211012021110100027028
20002000176787433471202207042021093000012426
20001578654387433472202210012021050700022395
20002000176787433473202209302021042700029549
20010000187687433474202205072021070400004917
20001041988687433475202205072021050700004853
20011001888787433476202201172021042700018660
20011001888787433477202211012021050700028493
20011001888787433478202204072021110100028635
20011001888787433479202209302021080700029715
20011001888787433480202204272021050700024354
20002000176787433481202204272021021800005337
20001578654387433482202209302021050700012790
20001578654387433483202204072021050700006565
20001578654387433484202205072021080700031814
20001578654387433485202208072021093000015217
20001578654387433486202210012021011700020279
20011001888787433487202205072021021800004267
20011001888787433488202211012021070400003490
20001578654387433489202204072021011700018870
20011001888787433490202210012021080700004241
20001578654387433491202208072021070400015720
20010000187687433492202204072021040700007109
20002000176787433493202210012021011700017802
20010000187687433494202204072021021800008755
20011001888787433495202205072021011700027483
20002000176787433496202210012021040700023169
20001578654387433497202204072021021800025613
20001578654387433498202208072021080700009102
20001578654387433499202202182021080700023878
20002000176787433500202211012021042700014568
20002000176787433501202211012021021800006560
20001041988687433502202201172021040700014164
20001578654387433503202201172021110100023850
20002000176787433504202205072021110100029002
20001041988687433505202204272021110100010725
20002000176787433506202205072021110100004982
20002000176787433507202210012021080700019527
20010000187687433508202204272021040700006455
20002000176787433509202211012021093000014268
20001578654387433510202204272021040700004388
20010000187687433511202205072021070400013088
20001578654387433512202201172021042700012674
20011001888787433513202204272021042700021830
20001578654387433514202209302021042700015567
20002000176787433515202204072021100100020852
20011001888787433516202204272021080700013883
20001578654387433517202208072021042700005092
20002000176787433518202209302021100100026154
20001041988687433519202201172021011700011845
20011001888787433520202204272021110100011955
20001041988687433521202205072021093000005176
20002000176787433522202204072021042700012324
20001578654387433523202208072021011700010196
20011001888787433524202204272021080700015739
20010000187687433525202204072021040700005667
20002000176787433526202205072021021800008430
20010000187687433527202208072021080700000930
20001578654387433528202204072021080700012388
20011001888787433529202210012021042700002244
20010000187687433530202204072021080700012794
20002000176787433531202211012021070400032367
20011001888787433532202208072021100100004224
20001041988687433533202205072021070400006782
20001041988687433534202208072021040700024569
20011001888787433535202201172021070400023614
20001041988687433536202209302021021800012830
20010000187687433537202204072021021800018673
20001041988687433538202210012021070400015067
20010000187687433539202201172021093000030798
20010000187687433540202204072021050700017616
20010000187687433541202207042021080700028927
20001041988687433542202201172021100100030162
20001578654387433543202201172021110100021793
20001041988687433544202205072021021800025448
20001041988687433545202209302021110100024264
20011001888787433546202202182021110100030542
20002000176787433547202202182021100100011384
20011001888787433548202201172021042700009205
20001578654387433549202208072021042700023981
20002000176787433550202205072021021800026881
20011001888787433551202201172021110100032596
20001578654387433552202211012021040700010186
20010000187687433553202207042021040700018511
20001578654387433554202207042021042700018396
20011001888787433555202205072021040700009717
20001041988687433556202204272021042700011127
20010000187687433557202204072021040700006288
20001041988687433558202205072021100100029711
20001578654387433559202210012021080700024542
20010000187687433560202202182021070400005836
20001041988687433561202209302021093000030608
20010000187687433562202209302021080700016651
20002000176787433563202211012021021800025550
20010000187687433564202208072021040700003292
20001578654387433565202204272021070400019889
20002000176787433566202211012021080700001411
20010000187687433567202204072021021800028615
20011001888787433568202209302021050700031735
20001578654387433569202208072021021800021139
20010000187687433570202205072021042700011110
20010000187687433571202204072021093000022794
20001041988687433572202202182021080700011694
20001578654387433573202204072021100100007447
20010000187687433574202205072021110100016357
20010000187687433575202210012021093000007192
20001041988687433576202204272021042700022226
20001578654387433577202205072021021800013150
20001041988687433578202210012021040700000882
20001041988687433579202204272021050700027825
20011001888787433580202202182021100100010100
20001578654387433581202208072021021800006858
20001578654387433582202204272021021800031166
20001578654387433583202208072021080700017880
20002000176787433584202211012021100100023270
20002000176787433585202210012021070400026619
20001578654387433586202208072021100100031161
20010000187687433587202204272021050700031180
20010000187687433588202202182021050700018359
20001041988687433589202201172021093000020179
20011001888787433590202208072021100100015764
20011001888787433591202204272021093000016911
20001041988687433592202207042021040700028601
20010000187687433593202209302021080700012914
20002000176787433594202208072021110100029378
20001041988687433595202202182021021800020322
20002000176787433596202211012021100100004094
20011001888787433597202202182021050700013625
20010000187687433598202204072021042700018930
20010000187687433599202204272021110100022981
20010000187687433600202204272021042700012501
20010000187687433601202204272021042700018633
20011001888787433602202209302021110100001813
20001041988687433603202210012021070400012411
20002000176787433604202207042021042700013777
20010000187687433605202204272021093000015876
20001578654387433606202204072021080700004445
20002000176787433607202207042021011700018947
20001578654387433608202209302021040700028098
20010000187687433609202211012021050700021770
20010000187687433610202204272021110100000827
20010000187687433611202210012021040700021535
20001041988687433612202207042021070400008888
20002000176787433613202202182021042700019773
20010000187687433614202209302021042700014943
20011001888787433615202207042021110100017360
20001041988687433616202208072021110100010758
20001578654387433617202208072021080700030013
20002000176787433618202201172021050700026555
20010000187687433619202204072021070400025943
20001578654387433620202210012021070400029756
20002000176787433621202208072021080700015083
20001578654387433622202208072021100100008063
20001041988687433623202202182021042700027701
20001578654387433624202204072021042700007467
20001041988687433625202210012021070400015208
20011001888787433626202211012021110100026909
20002000176787433627202204272021110100000810
20002000176787433628202202182021011700031716
20011001888787433629202205072021070400021270
20001578654387433630202205072021011700020294
20011001888787433631202208072021080700023609
20011001888787433632202210012021100100012985
20010000187687433633202201172021021800011669
20011001888787433634202208072021040700028650
20011001888787433635202204072021040700016545
20001578654387433636202210012021110100016185
20001578654387433637202211012021040700021958
20002000176787433638202205072021110100003130
20010000187687433639202202182021021800008420
20010000187687433640202204272021050700002614
20002000176787433641202211012021070400017867
20010000187687433642202211012021093000006313
20010000187687433643202205072021011700009411
20011001888787433644202204272021070400030658
20001578654387433645202207042021080700030468
20001041988687433646202204272021040700019685
20001041988687433647202210012021080700015166
20002000176787433648202209302021011700030508
20002000176787433649202205072021050700029203
20011001888787433650202207042021042700013282
20002000176787433651202208072021011700010904
20001041988687433652202205072021011700004871
20001041988687433653202207042021021800024279
20010000187687433654202202182021093000015311
20010000187687433655202211012021011700008272
20002000176787433656202204072021042700000290
20001041988687433657202208072021011700005236
20002000176787433658202210012021110100017949
20001578654387433659202204072021011700016680
20001578654387433660202209302021042700012944
20011001888787433661202210012021011700010568
20002000176787433662202201172021070400014206
20001578654387433663202205072021093000014625
20001578654387433664202204272021050700025505
20002000176787433665202205072021070400000758
20001578654387433666202201172021070400002019
20011001888787433667202204272021011700019324
20001578654387433668202202182021080700011238
20001041988687433669202210012021050700026206
20011001888787433670202211012021050700021116
20001578654387433671202207042021100100025273
20001578654387433672202202182021093000003632
20001578654387433673202204272021093000001953
20001578654387433674202208072021080700026043
20002000176787433675202202182021040700008347
20001578654387433676202211012021021800002192
20001578654387433677202204072021100100006689
20011001888787433678202209302021080700021329
20001578654387433679202207042021011700028193
20010000187687433680202204272021070400009303
20011001888787433681202209302021070400024702
20001041988687433682202207042021070400000046
20001041988687433683202205072021050700002957
20001578654387433684202204072021070400001558
20001578654387433685202204272021021800015513
20010000187687433686202205072021021800013443
20001041988687433687202204072021021800008288
20011001888787433688202211012021093000032158
20001041988687433689202205072021070400016276
20011001888787433690202204272021110100011203
20002000176787433691202201172021080700019291
20001578654387433692202208072021021800005633
20002000176787433693202209302021050700014799
20010000187687433694202204072021080700009372
20010000187687433695202207042021070400012926
20001041988687433696202204272021040700009614
20011001888787433697202211012021042700019179
20001578654387433698202210012021070400028930
20010000187687433699202204272021080700004876
20001041988687433700202201172021110100024023
20001041988687433701202204272021021800029130
20001578654387433702202202182021011700001572
20010000187687433703202204272021040700020868
20001578654387433704202210012021040700023470
20011001888787433705202204272021093000007308
20010000187687433706202211012021100100003187
20001578654387433707202202182021110100002472
20010000187687433708202202182021042700014115
20010000187687433709202204072021042700014482
20010000187687433710202207042021080700028577
20002000176787433711202208072021050700007801
20002000176787433712202210012021011700004998
20010000187687433713202204072021070400017022
20011001888787433714202209302021080700028319
20010000187687433715202202182021080700019000
20011001888787433716202205072021050700012138
20001578654387433717202210012021011700022064
20002000176787433718202211012021110100011165
20002000176787433719202209302021042700011877
20002000176787433720202204272021040700029855
20002000176787433721202204072021040700016073
20002000176787433722202204272021080700015373
20001578654387433723202204272021042700025538
20010000187687433724202202182021070400002102
20002000176787433725202205072021093000001707
20001578654387433726202205072021093000014495
20010000187687433727202202182021070400002641
20011001888787433728202209302021040700023168
20010000187687433729202202182021021800001910
20011001888787433730202209302021042700019781
20002000176787433731202211012021021800022865
20002000176787433732202209302021093000014094
20011001888787433733202201172021011700031243
20001578654387433734202205072021100100018736
20001041988687433735202209302021042700012100
20001041988687433736202201172021011700021681
20002000176787433737202201172021042700001676
20011001888787433738202210012021093000011984
20002000176787433739202205072021011700008682
20001041988687433740202207042021093000025979
20001578654387433741202209302021110100021593
20001578654387433742202204272021042700017367
20001041988687433743202204272021050700003654
20001578654387433744202207042021110100009915
20011001888787433745202209302021100100006675
20001041988687433746202208072021011700008501
20010000187687433747202205072021011700010391
20011001888787433748202204272021110100028932
20002000176787433749202209302021070400011676
20002000176787433750202208072021011700017180
20010000187687433751202205072021110100003167
20010000187687433752202204272021100100018469
20002000176787433753202210012021093000005140
20001041988687433754202209302021093000006396
20001041988687433755202205072021011700019551
20001041988687433756202204272021040700027441
20001578654387433757202204072021100100004572
20002000176787433758202211012021100100005511
20002000176787433759202210012021050700000664
20010000187687433760202204072021050700025719
20001578654387433761202209302021110100014997
20011001888787433762202209302021040700016046
20011001888787433763202205072021110100024651
20001578654387433764202204072021093000006538
20011001888787433765202204072021040700000289
20011001888787433766202205072021050700015777
20001578654387433767202204072021011700015864
20001041988687433768202202182021042700023354
20002000176787433769202201172021100100018337
20002000176787433770202205072021070400028370
20010000187687433771202209302021070400011105
20001041988687433772202202182021070400030104
20011001888787433773202201172021100100028532
20002000176787433774202204072021110100029169
20010000187687433775202208072021080700032647
20001578654387433776202204272021093000016373
20001578654387433777202204072021093000026941
20010000187687433778202204272021070400014832
20011001888787433779202211012021011700026795
20010000187687433780202207042021080700011490
20002000176787433781202202182021093000017628
20010000187687433782202207042021011700007423
20011001888787433783202204272021021800031822
20002000176787433784202207042021011700023088
20001578654387433785202202182021021800016755
20002000176787433786202207042021093000025744
20001578654387433787202204272021042700018225
20002000176787433788202204272021100100008432
20001041988687433789202204072021042700023906
20001578654387433790202211012021093000023892
20001578654387433791202208072021050700023892
20011001888787433792202205072021093000009588
20001578654387433793202204272021110100026186
20002000176787433794202208072021021800026427
20001578654387433795202211012021050700027130
20002000176787433796202209302021110100026443
20001578654387433797202210012021070400002317
20001578654387433798202211012021042700001399
20002000176787433799202210012021093000016290
20001578654387433800202204072021021800020807
20001041988687433801202204272021042700025035
20011001888787433802202211012021070400028280
20001578654387433803202204272021011700026638
20002000176787433804202207042021050700018810
20011001888787433805202208072021070400003045
20011001888787433806202207042021050700007152
20011001888787433807202207042021050700013374
20001041988687433808202201172021080700016692
20010000187687433809202204272021040700012796
20001041988687433810202202182021110100023248
20010000187687433811202207042021080700019573
20002000176787433812202201172021100100017669
20001578654387433813202204272021050700007666
20010000187687433814202211012021021800023368
20001041988687433815202205072021093000016434
20001041988687433816202211012021093000003264
20002000176787433817202205072021100100018663
20011001888787433818202208072021050700016586
20010000187687433819202201172021110100005687
20010000187687433820202204272021011700002933
20001041988687433821202209302021093000027453
20011001888787433822202205072021110100012806
20011001888787433823202202182021070400023686
20010000187687433824202205072021070400032629
20001041988687433825202210012021050700003220
20001041988687433826202209302021042700026862
20002000176787433827202201172021093000014429
20011001888787433828202207042021042700000593
20002000176787433829202211012021042700005069
20010000187687433830202207042021050700017074
20010000187687433831202209302021040700030272
20002000176787433832202205072021011700006362
20002000176787433833202207042021110100022281
20001041988687433834202201172021110100020420
20002000176787433835202204072021050700006639
20010000187687433836202211012021080700017185
20002000176787433837202201172021093000011178
20001041988687433838202201172021110100025557
20001578654387433839202201172021021800028266
20001041988687433840202210012021050700003191
20002000176787433841202211012021040700030288
20001041988687433842202209302021080700009685
20001041988687433843202209302021100100005619
20011001888787433844202210012021080700007022
20001578654387433845202210012021042700015069
20001578654387433846202202182021070400008182
20010000187687433847202204072021042700006667
20010000187687433848202208072021093000016853
20011001888787433849202202182021080700011377
20010000187687433850202209302021110100020392
20001578654387433851202205072021093000031603
20001578654387433852202210012021040700003262
20001041988687433853202204272021021800015725
20002000176787433854202210012021011700013725
20011001888787433855202202182021070400016940
20001578654387433856202208072021070400021627
20001041988687433857202205072021070400012146
20001578654387433858202205072021040700026053
20011001888787433859202208072021040700003446
20001578654387433860202204072021080700019612
20011001888787433861202209302021021800009058
20001041988687433862202210012021042700005970
20010000187687433863202211012021070400009172
20010000187687433864202208072021080700005105
20010000187687433865202208072021040700010589
20010000187687433866202204072021070400013493
20001041988687433867202205072021070400000773
20011001888787433868202204072021070400017549
20002000176787433869202207042021011700020677
20011001888787433870202204072021093000027550
20010000187687433871202204272021050700028683
20010000187687433872202210012021080700000960
20001578654387433873202204272021100100014393
20001578654387433874202210012021011700015615
20001578654387433875202208072021050700001831
20011001888787433876202210012021093000004635
20010000187687433877202201172021110100007581
20011001888787433878202211012021093000003336
20010000187687433879202207042021093000019417
20010000187687433880202204072021040700023407
20001578654387433881202204272021021800028175
20001041988687433882202211012021040700013099
20002000176787433883202209302021110100014564
20010000187687433884202205072021100100001741
20001578654387433885202210012021070400022002
20001041988687433886202202182021040700002585
20001041988687433887202205072021021800020551
20001041988687433888202209302021050700001670
20010000187687433889202202182021100100020710
20001041988687433890202208072021070400032706
20001041988687433891202205072021042700011076
20010000187687433892202211012021050700010283
20011001888787433893202207042021021800014796
20001041988687433894202211012021050700009559
20002000176787433895202208072021110100002652
20002000176787433896202211012021040700009358
20001578654387433897202205072021040700023238
20011001888787433898202202182021050700016203
20001041988687433899202204272021100100025936
20002000176787433900202205072021100100012222
20002000176787433901202205072021040700032052
20011001888787433902202210012021011700021836
20010000187687433903202210012021040700031521
20001041988687433904202210012021080700002318
20001041988687433905202209302021040700031160
20011001888787433906202211012021040700016974
20001578654387433907202207042021093000025103
20001578654387433908202209302021100100002829
20002000176787433909202211012021093000018481
20010000187687433910202201172021042700017536
20002000176787433911202209302021100100006044
20001041988687433912202210012021080700015246
20002000176787433913202204272021070400004034
20001578654387433914202201172021080700003411
20001041988687433915202210012021080700004234
20002000176787433916202204072021070400023457
20001578654387433917202210012021110100014028
20011001888787433918202211012021011700020858
20001041988687433919202208072021021800018647
20011001888787433920202202182021080700030614
20010000187687433921202202182021070400029423
20011001888787433922202205072021040700022755
20011001888787433923202201172021080700021447
20010000187687433924202204272021110100030464
20011001888787433925202205072021070400022796
20002000176787433926202210012021042700003778
20001578654387433927202204072021040700027610
20011001888787433928202204072021100100011439
20010000187687433929202211012021050700027972
20002000176787433930202209302021042700004485
20002000176787433931202201172021040700000720
20001041988687433932202207042021040700026292
20011001888787433933202207042021110100013049
20002000176787433934202204272021070400017120
20001578654387433935202207042021100100020907
20010000187687433936202207042021100100032352
20001041988687433937202202182021100100015563
20001578654387433938202204072021110100022466
20002000176787433939202208072021050700026797
20010000187687433940202204272021093000026693
20002000176787433941202207042021093000015515
20002000176787433942202204072021093000026716
20002000176787433943202208072021080700016212
20001578654387433944202204272021070400017458
20011001888787433945202202182021110100005003
20001041988687433946202211012021042700000033
20001041988687433947202205072021080700017508
20010000187687433948202204272021042700027961
20002000176787433949202211012021110100025083
20001041988687433950202201172021040700011711
20002000176787433951202204072021050700028125
20011001888787433952202210012021070400002476
20001041988687433953202201172021093000006028
20002000176787433954202210012021021800004906
20001578654387433955202207042021100100018687
20001041988687433956202201172021110100006938
20001041988687433957202207042021021800000800
20002000176787433958202209302021070400030097
20001041988687433959202202182021050700002636
20010000187687433960202201172021110100003670
20001041988687433961202207042021050700025303
20011001888787433962202207042021100100019813
20001578654387433963202205072021070400007557
20001041988687433964202209302021040700019311
20010000187687433965202207042021100100029714
20002000176787433966202201172021040700022104
20011001888787433967202210012021110100013739
20011001888787433968202204272021050700017848
20010000187687433969202205072021093000000883
20010000187687433970202208072021093000008027
20001578654387433971202204272021080700023807
20001041988687433972202211012021093000003009
20002000176787433973202201172021021800031962
20001578654387433974202201172021050700006814
20011001888787433975202201172021011700001281
20001041988687433976202205072021070400022363
20001041988687433977202204272021070400031592
20011001888787433978202204072021080700011667
20001578654387433979202210012021110100005748
20001041988687433980202205072021080700007575
20001578654387433981202201172021080700022911
20002000176787433982202207042021070400016618
20001041988687433983202202182021100100000343
20001578654387433984202211012021040700007878
20001578654387433985202208072021042700016575
20001041988687433986202205072021110100020629
20001041988687433987202208072021021800019692
20010000187687433988202204072021100100030329
20001041988687433989202209302021070400014857
20010000187687433990202202182021042700031685
20001578654387433991202211012021050700010164
20001578654387433992202210012021070400011137
20010000187687433993202202182021011700015743
20002000176787433994202210012021093000005354
20001578654387433995202207042021110100030576
20002000176787433996202204272021042700016367
20001578654387433997202210012021021800017025
20002000176787433998202209302021050700012726
20002000176787433999202202182021110100026912
20002000176787434000202205072021080700016661
20001041988687434001202205072021110100020400
20001041988687434002202205072021050700015129
20002000176787434003202202182021100100000262
20001578654387434004202210012021093000022402
20001041988687434005202201172021110100002798
20011001888787434006202204072021021800032069
20001041988687434007202201172021050700010916
20010000187687434008202211012021093000022281
20002000176787434009202202182021050700018778
20001041988687434010202209302021093000014250
20001041988687434011202204072021021800018617
20010000187687434012202201172021093000020153
20001041988687434013202204272021040700008024
20010000187687434014202205072021021800011514
20010000187687434015202201172021040700017734
20001041988687434016202204272021100100006373
20001041988687434017202210012021093000028806
20011001888787434018202205072021021800013094
20010000187687434019202211012021021800008590
20002000176787434020202209302021093000027421
20002000176787434021202202182021093000032711
20010000187687434022202204072021042700017246
20011001888787434023202211012021070400001552
20010000187687434024202211012021093000026162
20001041988687434025202204072021011700032572
20001578654387434026202209302021110100002580
20001041988687434027202207042021042700021135
20010000187687434028202208072021042700009781
20011001888787434029202211012021093000008260
20011001888787434030202210012021011700030456
20001041988687434031202209302021040700011786
20001578654387434032202208072021042700021110
20001578654387434033202209302021042700009090
20001578654387434034202204272021110100019708
20011001888787434035202209302021093000005827
20001041988687434036202209302021100100011657
20010000187687434037202207042021080700026838
20001041988687434038202208072021021800012880
20011001888787434039202204272021100100029243
20010000187687434040202208072021070400009532
20001041988687434041202209302021100100032610
20001578654387434042202204072021040700016486
20001041988687434043202205072021110100007474
20010000187687434044202211012021042700025249
20011001888787434045202204072021100100013702
20002000176787434046202208072021110100005103
20001041988687434047202208072021110100031659
20001578654387434048202204072021093000023049
20001578654387434049202209302021042700010467
20001041988687434050202209302021021800023771
20001578654387434051202204072021050700002277
20001041988687434052202208072021040700023302
20011001888787434053202208072021110100022107
20001578654387434054202208072021050700028252
20001578654387434055202210012021021800026466
20011001888787434056202202182021050700008295
20002000176787434057202210012021110100010765
20010000187687434058202207042021080700020194
20011001888787434059202210012021080700028899
20002000176787434060202204272021050700024639
20010000187687434061202205072021093000003933
20002000176787434062202201172021040700018463
20010000187687434063202204072021040700018025
20001041988687434064202208072021093000023517
20010000187687434065202210012021093000000233
20001578654387434066202202182021040700030468
20002000176787434067202201172021011700024628
20001578654387434068202201172021093000028628
20011001888787434069202204072021080700006292
20010000187687434070202201172021050700023489
20001578654387434071202207042021040700007623
20001578654387434072202205072021050700009204
20001578654387434073202204072021040700008062
20001578654387434074202205072021093000027080
20010000187687434075202202182021070400021985
20010000187687434076202204272021093000015181
20001578654387434077202209302021100100007689
20011001888787434078202207042021100100006089
20010000187687434079202204272021011700026244
20001578654387434080202207042021080700017458
20011001888787434081202211012021050700027605
20010000187687434082202205072021040700028598
20001041988687434083202202182021100100017649
20001578654387434084202205072021040700010291
20001578654387434085202204072021080700016323
20001578654387434086202201172021070400007871
20010000187687434087202209302021011700003497
20001578654387434088202209302021080700015394
20001578654387434089202210012021093000016372
20001041988687434090202201172021070400001366
20011001888787434091202208072021093000005228
20001041988687434092202208072021070400020494
20001578654387434093202209302021110100004554
20011001888787434094202204072021080700018220
20002000176787434095202204072021040700029756
20001578654387434096202210012021042700016201
20002000176787434097202211012021093000027109
20011001888787434098202210012021093000023345
20011001888787434099202204072021100100008027
20001041988687434100202208072021021800000100
20002000176787434101202205072021093000007207
20001041988687434102202210012021011700007063
20002000176787434103202211012021011700028488
20002000176787434104202210012021080700013617
20010000187687434105202210012021011700011184
20002000176787434106202208072021110100021966
20001578654387434107202205072021093000013509
20002000176787434108202205072021042700015039
20010000187687434109202210012021011700023265
20011001888787434110202204072021110100023176
20010000187687434111202211012021080700018386
20010000187687434112202210012021093000014689
20001041988687434113202207042021070400015195
20001578654387434114202208072021021800003509
20001578654387434115202204272021070400006066
20011001888787434116202210012021093000013478
20002000176787434117202205072021110100015872
20002000176787434118202207042021050700030343
20002000176787434119202210012021110100015076
20010000187687434120202210012021080700007009
20002000176787434121202204272021021800017136
20001578654387434122202211012021110100020335
20010000187687434123202202182021100100032554
20011001888787434124202210012021011700022434
20001578654387434125202201172021021800010637
20002000176787434126202201172021042700005661
20011001888787434127202204272021021800031109
20001578654387434128202207042021100100024250
20011001888787434129202209302021040700024694
20010000187687434130202205072021080700007043
20002000176787434131202208072021050700005686
20001041988687434132202211012021093000016698
20001041988687434133202201172021100100030094
20002000176787434134202208072021040700005073
20011001888787434135202204272021040700010430
20010000187687434136202210012021050700015091
20002000176787434137202204072021042700009718
20002000176787434138202207042021042700009849
20011001888787434139202207042021011700031709
20001041988687434140202210012021040700017142
20001578654387434141202210012021093000028174
20011001888787434142202209302021011700032300
20002000176787434143202209302021042700024982
20011001888787434144202209302021070400007060
20002000176787434145202205072021080700006519
20001041988687434146202208072021042700022746
20001578654387434147202205072021021800017192
20001041988687434148202202182021100100025182
20001041988687434149202204072021080700021266
20001041988687434150202205072021070400006069
20010000187687434151202209302021080700012565
20010000187687434152202201172021042700008229
20001578654387434153202204272021110100013569
20002000176787434154202211012021011700020269
20001041988687434155202211012021093000029469
20011001888787434156202205072021011700022779
20001578654387434157202208072021100100022692
20010000187687434158202202182021070400022260
20011001888787434159202204072021100100006211
20001578654387434160202204272021021800007215
20001578654387434161202204272021021800026268
20011001888787434162202207042021070400023034
20002000176787434163202207042021093000001735
20010000187687434164202207042021110100005204
20001041988687434165202207042021110100009931
20001041988687434166202207042021093000026225
20001041988687434167202209302021021800003113
20011001888787434168202201172021100100005946
20002000176787434169202205072021021800004177
20001041988687434170202205072021011700032202
20001578654387434171202205072021100100027947
20002000176787434172202211012021011700013809
20001578654387434173202210012021070400022928
20011001888787434174202210012021080700009397
20001578654387434175202201172021110100030158
20011001888787434176202209302021070400019660
20001041988687434177202210012021042700002087
20001578654387434178202210012021070400029475
20001041988687434179202207042021093000002387
20001041988687434180202209302021042700004955
20001041988687434181202201172021093000000249
20002000176787434182202204272021100100009287
20010000187687434183202204072021080700012858
20001578654387434184202205072021110100011375
20002000176787434185202205072021080700006183
20001578654387434186202205072021070400009872
20010000187687434187202210012021040700012870
20011001888787434188202209302021093000013849
20011001888787434189202204072021070400008465
20002000176787434190202210012021100100011183
20011001888787434191202204072021110100004726
20002000176787434192202201172021080700022954
20010000187687434193202202182021093000032344
20001041988687434194202207042021110100014486
20002000176787434195202207042021050700013068
20010000187687434196202205072021011700023475
20001041988687434197202211012021042700012765
20002000176787434198202205072021110100013686
20002000176787434199202201172021070400023433
20001041988687434200202201172021042700011269
20002000176787434201202209302021093000027842
20002000176787434202202202182021042700032191
20011001888787434203202202182021050700019118
20010000187687434204202204272021080700030130
20001041988687434205202202182021011700008039
20001578654387434206202207042021093000028707
20011001888787434207202204072021110100018043
20001578654387434208202209302021080700012041
20001578654387434209202201172021080700002413
20002000176787434210202205072021021800032402
20011001888787434211202208072021080700011315
20002000176787434212202211012021021800010653
20010000187687434213202209302021080700018870
20011001888787434214202207042021011700015934
20001578654387434215202209302021021800000085
20011001888787434216202207042021050700008765
20002000176787434217202208072021070400028258
20001578654387434218202204072021011700030615
20011001888787434219202209302021042700032419
20001041988687434220202201172021050700020732
20010000187687434221202204272021093000001234
20001041988687434222202211012021050700013903
20001041988687434223202204072021080700010782
20001041988687434224202207042021021800031018
20010000187687434225202207042021080700010664
20010000187687434226202201172021080700022871
20002000176787434227202209302021093000023814
20010000187687434228202211012021110100031064
20001578654387434229202205072021011700006340
20011001888787434230202211012021021800008927
20010000187687434231202211012021040700022750
20010000187687434232202205072021080700023382
20001578654387434233202209302021042700015687
20002000176787434234202207042021080700018521
20010000187687434235202204272021042700022117
20002000176787434236202208072021080700025655
20011001888787434237202204272021042700016787
20002000176787434238202208072021093000000629
20010000187687434239202202182021042700005533
20011001888787434240202204072021050700009291
20011001888787434241202209302021093000008008
20001041988687434242202208072021070400007461
20001041988687434243202204272021110100028103
20001041988687434244202207042021011700001828
20002000176787434245202209302021100100012103
20001041988687434246202201172021100100001946
20001578654387434247202211012021110100023908
20001578654387434248202211012021093000025489
20001578654387434249202204272021050700014770
20001041988687434250202210012021100100025668
20011001888787434251202208072021021800006709
20001578654387434252202209302021040700002980
20010000187687434253202207042021100100001513
20001041988687434254202204272021070400006357
20011001888787434255202202182021042700008506
20011001888787434256202205072021040700023726
20010000187687434257202202182021021800027277
20001578654387434258202210012021050700024125
20001578654387434259202209302021093000018102
20001578654387434260202208072021093000020289
20010000187687434261202201172021093000023935
20001041988687434262202208072021080700020654
20001578654387434263202209302021050700017960
20002000176787434264202210012021021800001836
20002000176787434265202208072021080700000993
20002000176787434266202205072021093000032664
20001041988687434267202211012021021800021074
20010000187687434268202205072021100100025474
20001578654387434269202207042021040700016916
20001041988687434270202207042021080700032173
20001041988687434271202209302021080700009525
20010000187687434272202209302021110100003731
20001578654387434273202211012021080700019383
20011001888787434274202208072021021800028894
20001578654387434275202209302021021800004113
20001578654387434276202204272021040700003567
20002000176787434277202209302021050700013229
20002000176787434278202208072021100100008795
20011001888787434279202207042021050700002921
20002000176787434280202201172021080700021097
20001041988687434281202202182021100100031766
20010000187687434282202210012021040700003734
20011001888787434283202201172021021800018172
20002000176787434284202209302021110100018449
20001578654387434285202204272021040700009812
20001041988687434286202207042021040700030015
20011001888787434287202204272021100100014796
20002000176787434288202209302021110100026168
20011001888787434289202208072021042700017159
20010000187687434290202204072021042700026952
20002000176787434291202211012021093000012826
20011001888787434292202201172021021800016239
20011001888787434293202211012021110100000528
20010000187687434294202204272021093000024802
20010000187687434295202204272021021800025959
20001041988687434296202210012021110100004487
20001041988687434297202209302021011700017041
20011001888787434298202204272021070400017789
20001041988687434299202207042021080700000116
20002000176787434300202210012021021800021906
20001578654387434301202204072021070400008938
20002000176787434302202204072021050700000970
20001578654387434303202209302021050700014145
20010000187687434304202204272021040700020447
20010000187687434305202211012021011700004284
20001578654387434306202209302021040700007099
20001041988687434307202205072021080700021776
20001578654387434308202202182021011700008192
20001041988687434309202205072021100100022760
20002000176787434310202204072021050700012417
20002000176787434311202208072021042700019554
20001578654387434312202210012021011700020679
20011001888787434313202209302021011700014224
20002000176787434314202211012021080700006285
20010000187687434315202204072021093000018168
20002000176787434316202201172021021800026691
20010000187687434317202201172021040700026645
20010000187687434318202204272021100100028047
20002000176787434319202204272021080700013779
20002000176787434320202211012021110100030663
20002000176787434321202202182021100100013590
20001578654387434322202207042021110100007288
20001578654387434323202209302021100100024884
20001578654387434324202202182021011700011235
20010000187687434325202204072021021800002166
20001041988687434326202204272021070400030074
20011001888787434327202204072021100100030875
20011001888787434328202205072021042700023655
20011001888787434329202205072021040700031573
20001041988687434330202210012021100100015366
20001041988687434331202211012021070400008906
20001578654387434332202209302021021800007270
20010000187687434333202209302021042700026133
20002000176787434334202209302021042700014028
20001578654387434335202202182021040700003522
20011001888787434336202202182021011700018992
20011001888787434337202210012021093000028757
20010000187687434338202208072021110100016318
20010000187687434339202209302021100100032452
20010000187687434340202205072021080700008022
20001041988687434341202208072021040700008441
20001041988687434342202207042021080700021516
20011001888787434343202211012021093000025169
20011001888787434344202202182021110100016553
20011001888787434345202204072021080700028191
20010000187687434346202201172021110100009256
20002000176787434347202202182021070400023593
20001041988687434348202207042021042700020026
20010000187687434349202201172021011700019754
20002000176787434350202201172021110100009155
20010000187687434351202204072021050700022351
20002000176787434352202211012021042700029531
20002000176787434353202210012021100100017082
20002000176787434354202210012021100100006605
20002000176787434355202202182021042700005634
20002000176787434356202211012021021800030363
20010000187687434357202204272021093000029361
20010000187687434358202202182021042700012408
20011001888787434359202209302021100100016836
20001041988687434360202207042021070400018892
20001041988687434361202204072021070400012334
20001041988687434362202201172021110100001332
20011001888787434363202202182021011700031574
20002000176787434364202204072021100100006656
20001041988687434365202201172021050700003477
20011001888787434366202205072021050700014515
20011001888787434367202207042021040700027321
20010000187687434368202211012021080700024454
20001578654387434369202209302021080700027780
20002000176787434370202201172021021800032486
20001578654387434371202208072021040700020269
20001578654387434372202209302021070400028145
20010000187687434373202209302021093000003550
20010000187687434374202202182021021800012029
20001041988687434375202208072021011700003892
20011001888787434376202202182021021800001041
20002000176787434377202210012021110100008643
20001041988687434378202202182021070400021353
20001041988687434379202208072021011700018576
20001578654387434380202201172021011700023542
20001041988687434381202205072021110100022420
20002000176787434382202202182021011700014812
20011001888787434383202211012021080700024640
20002000176787434384202211012021021800015091
20011001888787434385202209302021042700028147
20011001888787434386202208072021093000000839
20011001888787434387202202182021050700004741
20011001888787434388202204072021042700000408
20010000187687434389202204272021050700017088
20001578654387434390202211012021050700013274
20011001888787434391202201172021100100000738
20001041988687434392202205072021100100015286
20011001888787434393202201172021021800025373
20001041988687434394202204272021070400017159
20001578654387434395202210012021080700019479
20010000187687434396202204272021042700012382
20010000187687434397202204072021110100007018
20001041988687434398202204072021070400011135
20001578654387434399202209302021011700004132
20011001888787434400202207042021110100029153
20002000176787434401202204072021011700001864
20010000187687434402202210012021070400031538
20001041988687434403202202182021110100002123
20001578654387434404202210012021021800028113
20001578654387434405202201172021042700008600
20010000187687434406202211012021093000025426
20001578654387434407202210012021070400005389
20010000187687434408202208072021100100031997
20001578654387434409202209302021042700021628
20001041988687434410202207042021100100018511
20001578654387434411202205072021011700020011
20010000187687434412202204272021070400029559
20011001888787434413202210012021080700002388
20002000176787434414202205072021100100020955
20010000187687434415202207042021093000004773
20011001888787434416202211012021040700012433
20011001888787434417202208072021021800014529
20011001888787434418202207042021070400031462
20002000176787434419202208072021042700006334
20011001888787434420202207042021110100011995
20011001888787434421202208072021070400031397
20011001888787434422202210012021100100008610
20010000187687434423202209302021080700032245
20001041988687434424202202182021021800005157
20001041988687434425202202182021042700005664
20001578654387434426202201172021050700006016
20001578654387434427202204272021042700022284
20001578654387434428202209302021093000016770
20010000187687434429202205072021100100004500
20002000176787434430202207042021110100012592
20002000176787434431202202182021100100016388
20010000187687434432202205072021040700025410
20010000187687434433202205072021050700017056
20011001888787434434202210012021110100022180
20001578654387434435202210012021100100027678
20010000187687434436202201172021100100000246
20002000176787434437202201172021011700024103
20001041988687434438202210012021042700004876
20002000176787434439202209302021110100013787
20010000187687434440202210012021021800003439
20010000187687434441202211012021070400002122
20002000176787434442202209302021110100009434
20001041988687434443202204272021042700012027
20002000176787434444202208072021050700030398
20011001888787434445202204072021011700025704
20011001888787434446202202182021040700003518
20001578654387434447202211012021080700012416
20010000187687434448202209302021040700013876
20001578654387434449202205072021011700009508
20002000176787434450202202182021070400008874
20011001888787434451202210012021011700027307
20001041988687434452202205072021070400024674
20011001888787434453202205072021110100007263
20001041988687434454202207042021011700007119
20001041988687434455202210012021110100029949
20001578654387434456202209302021011700013593
20002000176787434457202201172021100100019257
20002000176787434458202202182021042700009373
20001578654387434459202210012021093000024119
20002000176787434460202209302021080700012138
20002000176787434461202207042021080700029203
20011001888787434462202201172021070400027590
20010000187687434463202210012021110100015450
20001041988687434464202211012021050700005543
20002000176787434465202211012021093000008334
20002000176787434466202205072021040700013114
20001578654387434467202204272021100100015526
20011001888787434468202204072021093000002399
20002000176787434469202210012021021800017804
20001578654387434470202205072021040700024619
20001041988687434471202201172021100100013213
20001041988687434472202211012021100100005989
20001041988687434473202204272021040700016173
20001578654387434474202207042021011700002825
20011001888787434475202207042021050700011520
20002000176787434476202202182021080700018377
20001578654387434477202208072021070400027346
20002000176787434478202209302021021800003975
20011001888787434479202204072021110100031696
20002000176787434480202201172021050700011739
20010000187687434481202210012021050700013597
20001578654387434482202208072021050700007315
20001041988687434483202207042021040700019022
20011001888787434484202205072021021800030766
20010000187687434485202202182021040700010734
20001041988687434486202201172021100100017504
20001041988687434487202204272021080700010746
20001578654387434488202207042021093000000146
20002000176787434489202204072021050700001126
20010000187687434490202204072021100100003167
20001578654387434491202204272021040700009111
20001041988687434492202202182021021800023576
20010000187687434493202204072021050700016103
20001578654387434494202210012021110100032065
20002000176787434495202210012021110100018212
20010000187687434496202201172021080700027409
20001041988687434497202204272021100100008977
20001041988687434498202209302021070400013046
20001578654387434499202211012021110100015331
20001041988687434500202201172021070400026894
20010000187687434501202201172021093000022981
20001578654387434502202204272021110100027823
20001041988687434503202202182021080700020565
20001578654387434504202211012021011700031968
20010000187687434505202205072021011700031524
20001041988687434506202210012021100100007390
20010000187687434507202201172021021800002618
20010000187687434508202205072021011700018585
20001578654387434509202204272021110100007824
20001578654387434510202210012021011700031028
20001041988687434511202211012021093000013973
20011001888787434512202207042021110100031112
20001578654387434513202208072021040700027306
20011001888787434514202209302021093000002721
20010000187687434515202207042021050700031141
20011001888787434516202204272021042700022592
20001041988687434517202207042021070400009553
20001578654387434518202207042021040700015703
20011001888787434519202204272021040700024300
20010000187687434520202209302021093000022672
20001578654387434521202208072021040700017320
20002000176787434522202210012021093000028870
20001578654387434523202210012021040700026923
20002000176787434524202204272021040700010635
20002000176787434525202210012021080700031248
20011001888787434526202209302021070400001953
20002000176787434527202202182021110100008803
20002000176787434528202209302021080700017792
20001041988687434529202205072021093000019496
20001041988687434530202201172021021800030678
20011001888787434531202202182021070400011221
20001041988687434532202202182021042700000514
20011001888787434533202209302021040700007379
20011001888787434534202204272021110100023192
20010000187687434535202204272021011700019969
20002000176787434536202208072021110100008161
20002000176787434537202210012021070400015921
20001578654387434538202210012021040700031832
20001578654387434539202209302021021800002218
20002000176787434540202204272021011700023342
20001041988687434541202204072021050700000420
20001578654387434542202201172021011700027846
20002000176787434543202211012021042700008911
20010000187687434544202201172021093000031546
20010000187687434545202207042021110100018380
20002000176787434546202202182021070400003796
20001578654387434547202211012021042700015026
20001578654387434548202204072021070400025238
20001578654387434549202201172021100100004234
20011001888787434550202201172021110100010419
20002000176787434551202204272021042700021971
20001578654387434552202211012021080700007955
20001041988687434553202204072021011700002816
20002000176787434554202202182021110100029651
20011001888787434555202201172021093000028917
20001578654387434556202205072021040700031170
20011001888787434557202202182021042700009614
20010000187687434558202209302021040700011493
20002000176787434559202207042021070400004119
20011001888787434560202209302021100100001780
20001578654387434561202208072021050700007637
20001578654387434562202209302021110100009180
20001041988687434563202207042021100100020092
20001578654387434564202204072021011700013883
20011001888787434565202209302021042700004278
20011001888787434566202205072021110100019430
20001041988687434567202211012021050700028323
20011001888787434568202201172021040700025190
20001578654387434569202204072021100100002643
20010000187687434570202204272021011700019319
20011001888787434571202204072021021800027214
20010000187687434572202210012021021800024968
20010000187687434573202205072021040700005644
20011001888787434574202201172021100100003134
20001578654387434575202205072021050700000637
20010000187687434576202207042021040700005360
20011001888787434577202208072021050700020099
20010000187687434578202204072021110100019244
20011001888787434579202204072021011700020339
20001578654387434580202207042021021800031025
20001041988687434581202208072021100100028056
20011001888787434582202205072021100100010355
20002000176787434583202202182021040700020655
20010000187687434584202209302021021800013851
20002000176787434585202211012021110100023660
20001041988687434586202205072021011700014212
20001578654387434587202208072021080700031988
20001041988687434588202209302021042700011967
20010000187687434589202208072021011700017249
20001578654387434590202211012021093000003855
20001578654387434591202210012021080700021057
20001041988687434592202201172021042700004462
20002000176787434593202204272021080700006678
20001578654387434594202209302021070400022790
20001041988687434595202210012021011700026072
20001578654387434596202207042021100100026553
20010000187687434597202210012021040700014191
20010000187687434598202201172021070400025242
20002000176787434599202207042021021800029753
20010000187687434600202204072021093000009841
20001578654387434601202204272021100100024970
20011001888787434602202201172021070400011323
20001041988687434603202210012021110100028967
20010000187687434604202207042021100100015783
20002000176787434605202211012021050700024010
20001041988687434606202204272021011700031130
20002000176787434607202211012021040700006049
20002000176787434608202204272021100100010412
20002000176787434609202211012021011700000207
20001578654387434610202209302021011700025001
20001578654387434611202201172021021800031209
20010000187687434612202204072021093000032273
20010000187687434613202204272021021800015995
20011001888787434614202210012021011700024217
20001578654387434615202201172021021800004480
20001578654387434616202202182021093000032680
20010000187687434617202202182021040700014829
20001578654387434618202205072021110100024026
20001041988687434619202201172021080700020263
20001578654387434620202202182021050700010880
20002000176787434621202210012021021800021897
20001578654387434622202211012021021800020510
20011001888787434623202205072021011700010975
20001041988687434624202211012021110100018156
20001578654387434625202208072021100100017133
20002000176787434626202205072021040700014678
20010000187687434627202207042021110100013289
20011001888787434628202211012021021800030844
20001578654387434629202210012021042700004860
20002000176787434630202209302021050700016562
20002000176787434631202205072021070400008389
20001041988687434632202207042021021800019968
20011001888787434633202208072021042700017878
20010000187687434634202204272021110100016547
20001578654387434635202211012021100100024373
20001041988687434636202207042021021800020875
20010000187687434637202209302021050700023260
20010000187687434638202208072021021800022236
20001041988687434639202201172021040700009274
20011001888787434640202208072021040700006253
20011001888787434641202202182021110100024752
20011001888787434642202205072021093000029771
20001578654387434643202210012021050700031765
20001041988687434644202208072021110100021303
20001578654387434645202202182021040700001330
20001578654387434646202209302021040700027940
20011001888787434647202205072021040700023111
20011001888787434648202207042021070400023994
20011001888787434649202204072021011700009604
20002000176787434650202204272021042700002262
20001578654387434651202210012021100100010640
20011001888787434652202202182021100100020231
20001578654387434653202202182021110100024069
20011001888787434654202208072021100100004626
20011001888787434655202204072021110100023538
20002000176787434656202211012021011700002415
20001578654387434657202211012021021800006745
20001578654387434658202205072021040700026314
20002000176787434659202210012021042700031406
20002000176787434660202205072021110100019075
20001578654387434661202201172021070400009566
20001578654387434662202210012021110100002095
20011001888787434663202211012021093000013893
20001041988687434664202202182021093000015125
20002000176787434665202202182021100100014647
20011001888787434666202207042021100100010929
20002000176787434667202202182021093000030328
20011001888787434668202204272021021800032564
20010000187687434669202208072021110100003908
20011001888787434670202207042021021800017922
20010000187687434671202207042021021800027208
20002000176787434672202205072021080700017971
20002000176787434673202207042021042700028710
20001041988687434674202202182021021800009490
20002000176787434675202207042021042700006133
20001041988687434676202205072021050700023201
20002000176787434677202208072021050700017343
20010000187687434678202204272021040700030227
20002000176787434679202202182021070400027906
20002000176787434680202207042021110100012881
20011001888787434681202204272021080700008495
20001041988687434682202208072021100100023158
20011001888787434683202209302021021800020014
20002000176787434684202205072021110100032339
20010000187687434685202202182021040700024279
20001578654387434686202209302021100100030443
20001041988687434687202202182021042700010107
20001578654387434688202204072021011700015095
20001041988687434689202204272021080700008793
20002000176787434690202210012021040700000868
20001041988687434691202210012021080700031785
20002000176787434692202211012021011700016336
20001041988687434693202205072021042700028821
20002000176787434694202202182021050700023313
20011001888787434695202209302021050700030395
20002000176787434696202207042021093000020398
20001578654387434697202208072021021800015789
20011001888787434698202208072021040700003172
20001041988687434699202201172021050700030960
20001041988687434700202202182021011700010402
20001578654387434701202210012021042700032000
20002000176787434702202205072021100100026893
20001578654387434703202208072021110100011211
20011001888787434704202204272021100100005117
20002000176787434705202207042021011700012593
20010000187687434706202202182021042700005630
20001041988687434707202204272021011700003979
20010000187687434708202204072021040700030288
20002000176787434709202208072021080700031777
20001578654387434710202210012021110100007016
20002000176787434711202208072021080700002994
20010000187687434712202202182021100100024429
20002000176787434713202211012021050700012015
20002000176787434714202211012021042700029883
20001578654387434715202207042021021800032512
20001578654387434716202209302021100100006755
20002000176787434717202211012021042700023038
20002000176787434718202204272021050700008361
20001041988687434719202209302021080700020344
20002000176787434720202204072021042700015749
20001041988687434721202208072021070400023791
20011001888787434722202209302021070400012578
20001041988687434723202208072021093000031321
20001578654387434724202201172021093000014946
20010000187687434725202210012021093000030369
20002000176787434726202204272021100100023384
20010000187687434727202208072021110100009254
20001578654387434728202208072021040700028109
20002000176787434729202209302021042700021816
20010000187687434730202211012021100100001980
20011001888787434731202209302021050700010398
20011001888787434732202207042021021800012245
20001041988687434733202209302021080700009746
20001578654387434734202202182021011700025086
20002000176787434735202204072021110100010946
20011001888787434736202209302021100100025549
20010000187687434737202210012021093000009681
20001041988687434738202209302021080700026895
20001578654387434739202204072021070400009429
20001578654387434740202209302021050700002117
20001041988687434741202207042021070400012375
20011001888787434742202211012021042700032546
20010000187687434743202202182021040700030807
20010000187687434744202204072021042700018190
20010000187687434745202208072021011700020677
20010000187687434746202211012021100100031141
20002000176787434747202201172021042700032264
20011001888787434748202207042021070400001337
20001041988687434749202204272021011700020858
20010000187687434750202211012021050700012620
20002000176787434751202209302021080700005610
20002000176787434752202209302021040700029463
20001041988687434753202201172021080700019481
20010000187687434754202201172021042700004614
20011001888787434755202205072021040700014142
20001041988687434756202209302021110100007225
20001041988687434757202204072021021800014723
20001041988687434758202201172021093000011012
20001041988687434759202204272021050700000133
20010000187687434760202210012021110100030576
20010000187687434761202211012021110100000471
20001578654387434762202209302021093000016056
20011001888787434763202207042021042700018304
20001041988687434764202204072021100100030413
20002000176787434765202211012021110100003192
20001578654387434766202202182021040700021203
20001041988687434767202209302021042700010543
20002000176787434768202211012021100100006050
20010000187687434769202204072021011700020487
20001041988687434770202208072021050700016453
20001578654387434771202204072021093000006613
20002000176787434772202211012021040700029310
20002000176787434773202211012021042700025187
20002000176787434774202209302021100100017216
20001041988687434775202211012021100100029937
20001578654387434776202211012021093000019252
20011001888787434777202204272021040700002223
20001578654387434778202205072021093000002869
20010000187687434779202204072021042700003397
20011001888787434780202201172021021800008403
20002000176787434781202209302021070400018251
20001041988687434782202211012021021800019156
20001041988687434783202204072021021800015570
20001041988687434784202204072021050700015790
20001578654387434785202207042021110100029145
20001578654387434786202205072021110100018446
20001578654387434787202202182021050700029912
20010000187687434788202210012021110100018261
20010000187687434789202201172021080700015161
20001041988687434790202210012021011700027669
20011001888787434791202208072021040700019930
20011001888787434792202202182021040700020121
20001578654387434793202202182021021800017804
20001578654387434794202210012021042700021338
20010000187687434795202204272021110100006039
20010000187687434796202204272021011700024458
20010000187687434797202204072021011700012852
20001041988687434798202211012021070400023949
20001041988687434799202204272021093000026897
20001578654387434800202207042021093000004475
20002000176787434801202205072021050700012753
20001578654387434802202207042021021800015776
20010000187687434803202209302021042700012425
20002000176787434804202204272021100100005884
20001578654387434805202210012021050700005188
20002000176787434806202211012021050700002500
20011001888787434807202209302021080700017280
20002000176787434808202204072021080700019935
20010000187687434809202209302021021800022703
20010000187687434810202202182021042700019305
20001041988687434811202210012021050700028342
20001041988687434812202202182021100100020275
20001041988687434813202210012021100100015729
20001041988687434814202202182021050700003905
20002000176787434815202202182021021800001582
20001578654387434816202209302021011700032586
20002000176787434817202207042021080700020526
20011001888787434818202209302021040700030012
20002000176787434819202201172021021800029991
20010000187687434820202209302021100100007606
20010000187687434821202211012021042700032196
20002000176787434822202202182021050700016524
20001041988687434823202204272021040700020003
20010000187687434824202207042021021800021830
20001578654387434825202205072021100100008790
20010000187687434826202202182021093000026529
20001041988687434827202201172021042700023267
20010000187687434828202204272021080700019469
20011001888787434829202204272021050700006468
20001041988687434830202207042021040700009261
20001578654387434831202205072021110100011368
20002000176787434832202210012021050700013146
20011001888787434833202205072021042700019760
20001578654387434834202207042021070400000800
20002000176787434835202208072021100100010994
20011001888787434836202208072021042700022464
20011001888787434837202201172021040700018426
20011001888787434838202202182021070400029868
20010000187687434839202211012021080700009732
20001041988687434840202211012021050700012559
20010000187687434841202202182021021800017091
20001578654387434842202209302021100100023618
20010000187687434843202207042021050700025693
20001578654387434844202202182021093000029271
20002000176787434845202205072021093000013804
20001041988687434846202208072021040700008338
20001578654387434847202209302021070400013311
20001041988687434848202201172021110100006635
20010000187687434849202207042021021800026903
20002000176787434850202205072021070400015246
20002000176787434851202204272021040700031275
20002000176787434852202204272021042700000347
20010000187687434853202210012021093000000804
20010000187687434854202207042021100100019047
20001041988687434855202204272021093000017250
20001578654387434856202205072021093000028024
20001041988687434857202201172021093000006709
20001578654387434858202210012021110100007565
20010000187687434859202205072021070400021348
20001578654387434860202201172021093000007764
20002000176787434861202211012021070400017322
20010000187687434862202205072021021800018609
20001041988687434863202204272021093000013620
20001041988687434864202201172021011700024382
20011001888787434865202208072021110100009252
20001578654387434866202209302021050700012997
20002000176787434867202207042021040700019217
20011001888787434868202210012021050700005832
20010000187687434869202211012021050700032644
20001578654387434870202204072021070400009722
20001578654387434871202205072021080700024189
20002000176787434872202208072021100100022212
20010000187687434873202201172021021800018668
20010000187687434874202201172021110100024512
20002000176787434875202209302021100100012345
20002000176787434876202209302021040700027713
20001041988687434877202209302021011700012988
20010000187687434878202205072021080700008393
20001041988687434879202210012021070400002117
20001041988687434880202209302021042700028562
20010000187687434881202207042021093000016022
20002000176787434882202210012021110100015622
20010000187687434883202202182021100100017892
20002000176787434884202211012021011700021574
20011001888787434885202204072021011700019802
20001578654387434886202207042021042700011175
20001578654387434887202211012021050700028565
20001578654387434888202208072021011700031024
20001041988687434889202202182021100100012073
20001041988687434890202204272021070400005917
20001578654387434891202211012021080700017178
20001041988687434892202202182021040700014432
20001041988687434893202209302021042700013156
20001578654387434894202202182021100100027931
20002000176787434895202205072021110100017780
20001041988687434896202201172021093000030503
20010000187687434897202205072021011700014509
20011001888787434898202205072021080700028303
20001041988687434899202207042021050700021220
20001578654387434900202204272021011700013845
20001041988687434901202202182021050700015588
20010000187687434902202202182021011700016301
20002000176787434903202208072021021800012011
20001578654387434904202204272021070400008445
20002000176787434905202208072021100100027947
20001578654387434906202207042021070400030692
20010000187687434907202204272021080700005193
20001578654387434908202205072021050700007920
20011001888787434909202204272021093000013793
20010000187687434910202211012021021800012773
20001578654387434911202207042021100100017665
20002000176787434912202201172021080700025149
20001578654387434913202210012021070400021161
20011001888787434914202201172021040700007074
20001041988687434915202204272021080700006738
20001578654387434916202207042021080700030838
20002000176787434917202210012021080700024164
20010000187687434918202202182021080700001612
20011001888787434919202202182021021800005310
20001041988687434920202204072021070400023148
20001041988687434921202211012021011700025394
20002000176787434922202211012021080700030291
20011001888787434923202209302021110100027654
20001578654387434924202205072021050700031793
20001578654387434925202204072021100100027252
20002000176787434926202210012021050700013161
20010000187687434927202202182021011700007978
20001041988687434928202201172021011700023828
20001041988687434929202204072021100100003275
20010000187687434930202202182021070400022654
20001041988687434931202207042021110100001133
20002000176787434932202208072021093000006056
20011001888787434933202210012021070400000537
20002000176787434934202205072021080700025540
20001041988687434935202204272021050700022862
20001041988687434936202209302021011700029116
20001578654387434937202201172021093000012670
20001041988687434938202209302021080700018092
20001041988687434939202207042021110100021135
20001578654387434940202211012021070400027747
20002000176787434941202211012021042700016731
20001041988687434942202211012021110100030182
20001041988687434943202204072021100100011313
20001578654387434944202202182021050700021485
20010000187687434945202208072021050700010066
20010000187687434946202205072021021800031076
20002000176787434947202207042021070400014709
20010000187687434948202207042021070400020459
20001041988687434949202211012021011700014403
20001578654387434950202209302021040700031830
20001041988687434951202210012021080700029915
20001578654387434952202204072021040700029486
20010000187687434953202208072021070400014416
20010000187687434954202208072021040700023854
20002000176787434955202211012021050700004134
20011001888787434956202204272021070400019399
